{
  "advancedEditorSelectedIdentifier" : "ProjectBrowser",
  "openSceneRelativePaths" : [
    "Immersive.usda",
    "Rain.usda"
  ],
  "recentIdentifiers" : {
    "719566EE-5A50-406D-B6A9-FCE60F37CE28" : [

    ],
    "AF09ED6F-1707-48FD-8720-65B998362C09" : [

    ]
  },
  "sceneCameraHistory" : {
    "719566EE-5A50-406D-B6A9-FCE60F37CE28" : [
      {
        "date" : 714545183.65958095,
        "title" : "Untitled",
        "transform" : [
          0.99999922513961792,
          2.5010551962800776e-10,
          0.0012967945076525211,
          0,
          -7.2811722930055112e-05,
          0.99842244386672974,
          0.056146774441003799,
          0,
          -0.0012947483919560909,
          -0.056146863847970963,
          0.99842172861099243,
          0,
          0.082532197237014771,
          0.66876637935638428,
          1.6925840377807617,
          1
        ]
      },
      {
        "date" : 714545164.44231606,
        "title" : "Untitled",
        "transform" : [
          0.9999576210975647,
          2.5087765198605894e-10,
          0.0092097315937280655,
          0,
          -0.0011660832678899169,
          0.99195200204849243,
          0.12660880386829376,
          0,
          -0.009135611355304718,
          -0.12661421298980713,
          0.99190998077392578,
          0,
          -0.020010238513350487,
          0.25912413001060486,
          2.1726365089416504,
          1
        ]
      },
      {
        "date" : 714545152.93058705,
        "title" : "Untitled",
        "transform" : [
          0.9999576210975647,
          2.5087765198605894e-10,
          0.0092097315937280655,
          0,
          -0.0011660832678899169,
          0.99195200204849243,
          0.12660880386829376,
          0,
          -0.009135611355304718,
          -0.12661421298980713,
          0.99190998077392578,
          0,
          -0.019969349727034569,
          0.25859466195106506,
          2.1681969165802002,
          1
        ]
      },
      {
        "date" : 714545142.59317005,
        "title" : "Untitled",
        "transform" : [
          0.9999576210975647,
          2.5087765198605894e-10,
          0.0092097315937280655,
          0,
          -0.0011660832678899169,
          0.99195200204849243,
          0.12660880386829376,
          0,
          -0.009135611355304718,
          -0.12661421298980713,
          0.99190998077392578,
          0,
          -0.012871097773313522,
          0.16667531430721283,
          1.3974956274032593,
          1
        ]
      },
      {
        "date" : 714545141.35266697,
        "title" : "Untitled",
        "transform" : [
          0.9999576210975647,
          2.5087765198605894e-10,
          0.0092097315937280655,
          0,
          -0.0011660832678899169,
          0.99195200204849243,
          0.12660880386829376,
          0,
          -0.009135611355304718,
          -0.12661421298980713,
          0.99190998077392578,
          0,
          -0.017324794083833694,
          0.22434881329536438,
          1.881061315536499,
          1
        ]
      },
      {
        "date" : 712832929.53502405,
        "title" : "Untitled",
        "transform" : [
          1,
          0,
          0,
          0,
          0,
          0.9999840259552002,
          0.0056597073562443256,
          0,
          0,
          -0.0056597278453409672,
          0.9999840259552002,
          0,
          0,
          1.5657117366790771,
          1.9397748708724976,
          1
        ]
      },
      {
        "date" : 712667551.10497403,
        "title" : "Untitled",
        "transform" : [
          1,
          0,
          0,
          0,
          0,
          0.9999840259552002,
          0.0056597073562443256,
          0,
          0,
          -0.0056597278453409672,
          0.9999840259552002,
          0,
          0,
          1.1090748310089111,
          1.3740431070327759,
          1
        ]
      },
      {
        "date" : 712481723.06261802,
        "title" : "Untitled",
        "transform" : [
          1,
          0,
          0,
          0,
          0,
          0.9999840259552002,
          0.0056597073562443256,
          0,
          0,
          -0.0056597278453409672,
          0.9999840259552002,
          0,
          0,
          1.9093866348266602,
          2.3655567169189453,
          1
        ]
      },
      {
        "date" : 712481360.747365,
        "title" : "Untitled",
        "transform" : [
          1,
          0,
          0,
          0,
          0,
          0.9999840259552002,
          0.0056597073562443256,
          0,
          0,
          -0.0056597278453409672,
          0.9999840259552002,
          0,
          0,
          1.7793540954589844,
          5.7421598434448242,
          1
        ]
      },
      {
        "date" : 712481323.05193901,
        "title" : "Untitled",
        "transform" : [
          1,
          0,
          0,
          0,
          0,
          0.98380559682846069,
          -0.17923913896083832,
          0,
          0,
          0.17923912405967712,
          0.98380559682846069,
          0,
          0,
          2.0301923751831055,
          1.2154210805892944,
          1
        ]
      }
    ],
    "AF09ED6F-1707-48FD-8720-65B998362C09" : [
      {
        "date" : 712480659.43296802,
        "title" : "Untitled",
        "transform" : [
          0.99994891881942749,
          -1.2018511186262515e-10,
          -0.010112549178302288,
          0,
          -0.0032929400913417339,
          0.94549763202667236,
          -0.32561245560646057,
          0,
          0.0095613906159996986,
          0.32562908530235291,
          0.94544923305511475,
          0,
          0.0062586069107055664,
          1.9675736427307129,
          2.3476777076721191,
          1
        ]
      },
      {
        "date" : 712480594.67522395,
        "title" : "Untitled",
        "transform" : [
          0.99994891881942749,
          -1.2018511186262515e-10,
          -0.010112549178302288,
          0,
          -0.0032929400913417339,
          0.94549763202667236,
          -0.32561245560646057,
          0,
          0.0095613906159996986,
          0.32562908530235291,
          0.94544923305511475,
          0,
          0,
          2.0413286685943604,
          2.3223388195037842,
          1
        ]
      },
      {
        "date" : 712480585.983585,
        "title" : "Untitled",
        "transform" : [
          1,
          0,
          0,
          0,
          0,
          0.86602479219436646,
          -0.50000107288360596,
          0,
          0,
          0.50000107288360596,
          0.86602479219436646,
          0,
          0,
          2.0413286685943604,
          2.3223388195037842,
          1
        ]
      },
      {
        "date" : 712480391.49623799,
        "title" : "Untitled",
        "transform" : [
          1,
          0,
          0,
          0,
          0,
          0.86602479219436646,
          -0.50000107288360596,
          0,
          0,
          0.50000107288360596,
          0.86602479219436646,
          0,
          0,
          3.5622024536132812,
          4.0525765419006348,
          1
        ]
      }
    ]
  },
  "selectedSceneRelativePath" : "Rain.usda"
}